n : 3
colors : 3
Time : 0.06527876853942871 seconds!
Iterations : 312
Max Stack Size : 7 nodes

n : 4
colors : 3
Time : 2.515031337738037 seconds!
Iterations : 12642
Max Stack Size : 12 nodes

n : 3
colors : 4
Time : 0.1229238510131836 seconds!
Iterations : 706
Max Stack Size : 9 nodes



