n : 3
colors : 3
Time : 0.09335803985595703 seconds
Iterations : 289
Max Queue Size : 103 nodes

n : 4
colors : 3
Time : 2.3933231830596924 seconds
Iterations : 12598
Max Queue Size : 2876 nodes

n : 3
colors : 4
Time : 0.15581369400024414 seconds
Iterations : 675
Max Queue Size : 236 nodes


